0.000
0.030
0.060
0.090
0.120
0.150
0.180
0.210
0.240
0.270
0.300
0.330
0.360
0.390
0.420
0.450
0.480
0.510
0.540
0.570
0.600
0.630
0.660
0.690
0.720
0.750
0.780
0.810
0.840
0.870
0.900
0.930
0.960
0.990
1.020
1.050
1.080
1.110
1.140
1.170
1.200
1.230
1.260
1.290
1.320
1.350
1.380
1.410
1.440
1.470
1.500
1.530
1.560
1.590
1.620
1.650
1.680
1.710
1.740
1.770
1.800
1.830
1.860
1.890
1.920
1.950
1.980
2.010
2.040
2.070
2.100
2.130
2.160
2.190
2.220
2.250
2.280
2.310
2.340
2.370
2.400
2.430
2.460
2.490
2.520
2.550
2.580
2.610
2.640
2.670
2.700
2.730
2.760
2.790
2.820
2.850
2.880
2.910
2.940
2.970
3.000
3.030
3.060
3.090
3.120
3.150
3.180
3.210
3.240
3.270
3.300
3.330
3.360
3.390
3.420
3.450
3.480
3.510
3.540
3.570
3.600
3.630
3.660
3.690
3.720
3.750
3.780
3.810
3.840
3.870
3.900
3.930
3.960
3.990
4.020
4.050
4.080
4.110
4.140
4.170
4.200
4.230
4.260
4.290
4.320
4.350
4.380
4.410
4.440
4.470
4.500
4.530
4.560
4.590
4.620
4.650
4.680
4.710
4.740
4.770
4.800
4.830
4.860
4.890
4.920
4.950
4.980
5.010
5.040
5.070
5.100
5.130
5.160
5.190
5.220
5.250
5.280
5.310
5.340
5.370
5.400
5.430
5.460
5.490
5.520
5.550
5.580
5.610
5.640
5.670
5.700
5.730
5.760
5.790
5.820
5.850
5.880
5.910
5.940
5.970
6.000
6.030
6.060
6.090
6.120
6.150
6.180
6.210
6.240
6.270
6.300
6.330
6.360
6.390
6.420
6.450
6.480
6.510
6.540
6.570
6.600
6.630
6.660
6.690
6.720
6.750
6.780
6.810
6.840
6.870
6.900
6.930
6.960
6.990
7.020
7.050
7.080
7.110
7.140
7.170
7.200
7.230
7.260
7.290
7.320
7.350
7.380
7.410
7.440
7.470
7.500
7.530
7.560
7.590
7.620
7.650
7.680
7.710
7.740
7.770
7.800
7.830
7.860
7.890
7.920
7.950
7.980
8.010
8.040
8.070
8.100
8.130
8.160
8.190
8.220
8.250
8.280
8.310
8.340
8.370
8.400
8.430
8.460
8.490
8.520
8.550
8.580
8.610
8.640
8.670
8.700
8.730
8.760
8.790
8.820
8.850
8.880
8.910
8.940
8.970
9.000
9.030
9.060
9.090
9.120
9.150
9.180
9.210
9.240
9.270
9.300
9.330
9.360
9.390
9.420
9.450
9.480
9.510
9.540
9.570
9.600
9.630
9.660
9.690
9.720
9.750
9.780
9.810
9.840
9.870
9.900
9.930
9.960
9.990
10.020
10.050
10.080
10.110
10.140
10.170
10.200
10.230
10.260
10.290
10.320
10.350
10.380
10.410
10.440
10.470
10.500
10.530
10.560
10.590
10.620
10.650
10.680
10.710
10.740
10.770
10.800
10.830
10.860
10.890
10.920
10.950
10.980
11.010
11.040
11.070
11.100
11.130
11.160
11.190
11.220
11.250
11.280
11.310
11.340
11.370
11.400
11.430
11.460
11.490
11.520
11.550
11.580
11.610
11.640
11.670
11.700
11.730
11.760
11.790
11.820
11.850
11.880
11.910
11.940
11.970
12.000
12.030
12.060
12.090
12.120
12.150
12.180
12.210
12.240
12.270
12.300
12.330
12.360
12.390
12.420
12.450
12.480
12.510
12.540
12.570
12.600
12.630
12.660
12.690
12.720
12.750
12.780
12.810
12.840
12.870
12.900
12.930
12.960
12.990
13.020
13.050
13.080
13.110
13.140
13.170
13.200
13.230
13.260
13.290
13.320
13.350
13.380
13.410
13.440
13.470
13.500
13.530
13.560
13.590
13.620
13.650
13.680
13.710
13.740
13.770
13.800
13.830
13.860
13.890
13.920
13.950
13.980
14.010
14.040
14.070
14.100
14.130
14.160
14.190
14.220
14.250
14.280
14.310
14.340
14.370
14.400
14.430
14.460
14.490
14.520
14.550
14.580
14.610
14.640
14.670
14.700
14.730
14.760
14.790
14.820
14.850
14.880
14.910
14.940
14.970
15.000
15.030
15.060
15.090
15.120
15.150
15.180
15.210
15.240
15.270
15.300
15.330
15.360
15.390
15.420
15.450
15.480
15.510
15.540
15.570
15.600
15.630
15.660
15.690
15.720
15.750
15.780
15.810
15.840
15.870
15.900
15.930
15.960
15.990
16.020
16.050
16.080
16.110
16.140
16.170
16.200
16.230
16.260
16.290
16.320
16.350
16.380
16.410
16.440
16.470
16.500
16.530
16.560
16.590
16.620
16.650
16.680
16.710
16.740
16.770
16.800
16.830
16.860
16.890
16.920
16.950
16.980
17.010
17.040
17.070
17.100
17.130
17.160
17.190
17.220
17.250
17.280
17.310
17.340
17.370
17.400
17.430
17.460
17.490
17.520
17.550
17.580
17.610
17.640
17.670
17.700
17.730
17.760
17.790
17.820
17.850
17.880
17.910
17.940
17.970
18.000
18.030
18.060
18.090
18.120
18.150
18.180
18.210
18.240
18.270
18.300
18.330
18.360
18.390
18.420
18.450
18.480
18.510
18.540
18.570
18.600
18.630
18.660
18.690
18.720
18.750
18.780
18.810
18.840
18.870
18.900
18.930
18.960
18.990
19.020
19.050
19.080
19.110
19.140
19.170
19.200
19.230
19.260
19.290
19.320
19.350
19.380
19.410
19.440
19.470
19.500
19.530
19.560
19.590
19.620
19.650
19.680
19.710
19.740
19.770
19.800
19.830
19.860
19.890
19.920
19.950
19.980
20.010
20.040
20.070
20.100
20.130
20.160
20.190
20.220
20.250
20.280
20.310
20.340
20.370
20.400
20.430
20.460
20.490
20.520
20.550
20.580
20.610
20.640
20.670
20.700
20.730
20.760
20.790
20.820
20.850
20.880
20.910
20.940
20.970
21.000
21.030
21.060
21.090
21.120
21.150
21.180
21.210
21.240
21.270
21.300
21.330
21.360
21.390
21.420
21.450
21.480
21.510
21.540
21.570
21.600
21.630
21.660
21.690
21.720
21.750
21.780
21.810
21.840
21.870
21.900
21.930
21.960
21.990
22.020
22.050
22.080
22.110
22.140
22.170
22.200
22.230
22.260
22.290
22.320
22.350
22.380
22.410
22.440
22.470
22.500
22.530
22.560
22.590
22.620
22.650
22.680
22.710
22.740
22.770
22.800
22.830
22.860
22.890
22.920
22.950
22.980
23.010
23.040
23.070
23.100
23.130
23.160
23.190
23.220
23.250
23.280
23.310
23.340
23.370
23.400
23.430
23.460
23.490
23.520
23.550
23.580
23.610
23.640
23.670
23.700
23.730
23.760
23.790
23.820
23.850
23.880
23.910
23.940
23.970
24.000
24.030
24.060
24.090
24.120
24.150
24.180
24.210
24.240
24.270
24.300
24.330
24.360
24.390
24.420
24.450
24.480
24.510
24.540
24.570
24.600
24.630
24.660
24.690
24.720
24.750
24.780
24.810
24.840
24.870
24.900
24.930
24.960
24.990
25.020
25.050
25.080
25.110
25.140
25.170
25.200
25.230
25.260
25.290
25.320
25.350
25.380
25.410
25.440
25.470
25.500
25.530
25.560
25.590
25.620
25.650
25.680
25.710
25.740
25.770
25.800
25.830
25.860
25.890
25.920
25.950
25.980
26.010
26.040
26.070
26.100
26.130
26.160
26.190
26.220
26.250
26.280
26.310
26.340
26.370
26.400
26.430
26.460
26.490
26.520
26.550
26.580
26.610
26.640
26.670
26.700
26.730
26.760
26.790
26.820
26.850
26.880
26.910
26.940
26.970
27.000
27.030
27.060
27.090
27.120
27.150
27.180
27.210
27.240
27.270
27.300
27.330
27.360
27.390
27.420
27.450
27.480
27.510
27.540
27.570
27.600
27.630
27.660
27.690
27.720
27.750
27.780
27.810
27.840
27.870
27.900
27.930
27.960
27.990
28.020
28.050
28.080
28.110
28.140
28.170
28.200
28.230
28.260
28.290
28.320
28.350
28.380
28.410
28.440
28.470
28.500
28.530
28.560
28.590
28.620
28.650
28.680
28.710
28.740
28.770
28.800
28.830
28.860
28.890
28.920
28.950
28.980
29.010
29.040
29.070
29.100
29.130
29.160
29.190
29.220
29.250
29.280
29.310
29.340
29.370
29.400
29.430
29.460
29.490
29.520
29.550
29.580
29.610
29.640
29.670
29.700
29.730
29.760
29.790
29.820
29.850
29.880
29.910
29.940
29.970
30.000
30.030
30.060
30.090
30.120
30.150
30.180
30.210
30.240
30.270
30.300
30.330
30.360
30.390
30.420
30.450
30.480
30.510
30.540
30.570
30.600
30.630
30.660
30.690
30.720
30.750
30.780
30.810
30.840
30.870
30.900
30.930
30.960
30.990
31.020
31.050
31.080
31.110
31.140
31.170
31.200
31.230
31.260
31.290
31.320
31.350
31.380
31.410
31.440
31.470
31.500
31.530
31.560
31.590
31.620
31.650
31.680
31.710
31.740
31.770
31.800
31.830
31.860
31.890
31.920
31.950
31.980
32.010
32.040
32.070
32.100
32.130
32.160
32.190
32.220
32.250
32.280
32.310
32.340
32.370
32.400
32.430
32.460
32.490
32.520
32.550
32.580
32.610
32.640
32.670
32.700
32.730
32.760
32.790
32.820
32.850
32.880
32.910
32.940
32.970
33.000
33.030
33.060
33.090
33.120
33.150
33.180
33.210
33.240
33.270
33.300
33.330
33.360
33.390
33.420
33.450
33.480
33.510
33.540
33.570
33.600
33.630
33.660
33.690
33.720
33.750
33.780
33.810
33.840
33.870
33.900
33.930
33.960
33.990
34.020
34.050
34.080
34.110
34.140
34.170
34.200
34.230
34.260
34.290
34.320
34.350
34.380
34.410
34.440
34.470
34.500
34.530
34.560
34.590
34.620
34.650
34.680
34.710
34.740
34.770
34.800
34.830
34.860
34.890
34.920
34.950
34.980
35.010
35.040
35.070
35.100
35.130
35.160
35.190
35.220
35.250
35.280
35.310
35.340
35.370
35.400
35.430
35.460
35.490
35.520
35.550
35.580
35.610
35.640
35.670
35.700
35.730
35.760
35.790
35.820
35.850
35.880
35.910
35.940
35.970
36.000
36.030
36.060
36.090
36.120
36.150
36.180
36.210
36.240
36.270
36.300
36.330
36.360
36.390
36.420
36.450
36.480
36.510
36.540
36.570
36.600
36.630
36.660
36.690
36.720
36.750
36.780
36.810
36.840
36.870
36.900
36.930
36.960
36.990
37.020
37.050
37.080
37.110
37.140
37.170
37.200
37.230
37.260
37.290
37.320
37.350
37.380
37.410
37.440
37.470
37.500
37.530
37.560
37.590
37.620
37.650
37.680
37.710
37.740
37.770
37.800
37.830
37.860
37.890
37.920
37.950
37.980
38.010
38.040
38.070
38.100
38.130
38.160
38.190
38.220
38.250
38.280
38.310
38.340
38.370
38.400
38.430
38.460
38.490
38.520
38.550
38.580
38.610
38.640
38.670
38.700
38.730
38.760
38.790
38.820
38.850
38.880
38.910
38.940
38.970
39.000
39.030
39.060
39.090
39.120
39.150
39.180
39.210
39.240
39.270
39.300
39.330
39.360
39.390
39.420
39.450
39.480
39.510
39.540
39.570
39.600
39.630
39.660
39.690
39.720
39.750
39.780
39.810
39.840
39.870
39.900
39.930
39.960
39.990
40.020
40.050
40.080
40.110
40.140
40.170
40.200
40.230
40.260
40.290
40.320
40.350
40.380
40.410
40.440
40.470
40.500
40.530
40.560
40.590
40.620
40.650
40.680
40.710
40.740
40.770
40.800
40.830
40.860
40.890
40.920
40.950
40.980
41.010
41.040
41.070
41.100
41.130
41.160
41.190
41.220
41.250
41.280
41.310
41.340
41.370
41.400
41.430
41.460
41.490
41.520
41.550
41.580
41.610
41.640
41.670
41.700
41.730
41.760
41.790
41.820
41.850
41.880
41.910
41.940
41.970
42.000
42.030
42.060
42.090
42.120
42.150
42.180
42.210
42.240
42.270
42.300
42.330
42.360
42.390
42.420
42.450
42.480
42.510
42.540
42.570
42.600
42.630
42.660
42.690
42.720
42.750
42.780
42.810
42.840
42.870
42.900
42.930
42.960
42.990
43.020
43.050
43.080
43.110
43.140
43.170
43.200
43.230
43.260
43.290
43.320
43.350
43.380
43.410
43.440
43.470
43.500
43.530
43.560
43.590
43.620
43.650
43.680
43.710
43.740
43.770
43.800
43.830
43.860
43.890
43.920
43.950
43.980
44.010
44.040
44.070
44.100
44.130
44.160
44.190
44.220
44.250
44.280
44.310
44.340
44.370
44.400
44.430
44.460
44.490
44.520
44.550
44.580
44.610
44.640
44.670
44.700
44.730
44.760
44.790
44.820
44.850
44.880
44.910
44.940
44.970
45.000
45.030
45.060
45.090
45.120
45.150
45.180
45.210
45.240
45.270
45.300
45.330
45.360
45.390
45.420
45.450
45.480
45.510
45.540
45.570
45.600
45.630
45.660
45.690
45.720
45.750
45.780
45.810
45.840
45.870
45.900
45.930
45.960
45.990
46.020
46.050
46.080
46.110
46.140
46.170
46.200
46.230
46.260
46.290
46.320
46.350
46.380
46.410
46.440
46.470
46.500
46.530
46.560
46.590
46.620
46.650
46.680
46.710
46.740
46.770
46.800
46.830
46.860
46.890
46.920
46.950
46.980
47.010
47.040
47.070
47.100
47.130
47.160
47.190
47.220
47.250
47.280
47.310
47.340
47.370
47.400
47.430
47.460
47.490
47.520
47.550
47.580
47.610
47.640
47.670
47.700
47.730
47.760
47.790
47.820
47.850
47.880
47.910
47.940
47.970
48.000
48.030
48.060
48.090
48.120
48.150
48.180
48.210
48.240
48.270
48.300
48.330
48.360
48.390
48.420
48.450
48.480
48.510
48.540
48.570
48.600
48.630
48.660
48.690
48.720
48.750
48.780
48.810
48.840
48.870
48.900
48.930
48.960
48.990
49.020
49.050
49.080
49.110
49.140
49.170
49.200
49.230
49.260
49.290
49.320
49.350
49.380
49.410
49.440
49.470
49.500
49.530
49.560
49.590
49.620
49.650
49.680
49.710
49.740
49.770
49.800
49.830
49.860
49.890
49.920
49.950
49.980
50.010
50.040
50.070
50.100
50.130
50.160
50.190
50.220
50.250
50.280
50.310
50.340
50.370
50.400
50.430
50.460
50.490
50.520
50.550
50.580
50.610
50.640
50.670
50.700
50.730
50.760
50.790
50.820
50.850
50.880
50.910
50.940
50.970
51.000
51.030
51.060
51.090
51.120
51.150
51.180
51.210
51.240
51.270
51.300
51.330
51.360
51.390
51.420
51.450
51.480
51.510
51.540
51.570
51.600
51.630
51.660
51.690
51.720
51.750
51.780
51.810
51.840
51.870
51.900
51.930
51.960
51.990
52.020
52.050
52.080
52.110
52.140
52.170
52.200
52.230
52.260
52.290
52.320
52.350
52.380
52.410
52.440
52.470
52.500
52.530
52.560
52.590
52.620
52.650
52.680
52.710
52.740
52.770
52.800
52.830
52.860
52.890
52.920
52.950
52.980
53.010
53.040
53.070
53.100
53.130
53.160
53.190
53.220
53.250
53.280
53.310
53.340
53.370
53.400
53.430
53.460
53.490
53.520
53.550
53.580
53.610
53.640
53.670
53.700
53.730
53.760
53.790
53.820
53.850
53.880
53.910
53.940
53.970
54.000
54.030
54.060
54.090
54.120
54.150
54.180
54.210
54.240
54.270
54.300
54.330
54.360
54.390
54.420
54.450
54.480
54.510
54.540
54.570
54.600
54.630
54.660
54.690
54.720
54.750
54.780
54.810
54.840
54.870
54.900
54.930
54.960
54.990
55.020
55.050
55.080
55.110
55.140
55.170
55.200
55.230
55.260
55.290
55.320
55.350
55.380
55.410
55.440
55.470
55.500
55.530
55.560
55.590
55.620
55.650
55.680
55.710
55.740
55.770
55.800
55.830
55.860
55.890
55.920
55.950
55.980
56.010
56.040
56.070
56.100
56.130
56.160
56.190
56.220
56.250
56.280
56.310
56.340
56.370
56.400
56.430
56.460
56.490
56.520
56.550
56.580
56.610
56.640
56.670
56.700
56.730
56.760
56.790
56.820
56.850
56.880
56.910
56.940
56.970
57.000
57.030
57.060
57.090
57.120
57.150
57.180
57.210
57.240
57.270
57.300
57.330
57.360
57.390
57.420
57.450
57.480
57.510
57.540
57.570
57.600
57.630
57.660
57.690
57.720
57.750
57.780
57.810
57.840
57.870
57.900
57.930
57.960
57.990
58.020
58.050
58.080
58.110
58.140
58.170
58.200
58.230
58.260
58.290
58.320
58.350
58.380
58.410
58.440
58.470
58.500
58.530
58.560
58.590
58.620
58.650
58.680
58.710
58.740
58.770
58.800
58.830
58.860
58.890
58.920
58.950
58.980
59.010
59.040
59.070
59.100
59.130
59.160
59.190
59.220
59.250
59.280
59.310
59.340
59.370
59.400
59.430
59.460
59.490
59.520
59.550
59.580
59.610
59.640
59.670
59.700
59.730
59.760
59.790
59.820
59.850
59.880
59.910
59.940
59.970
60.000
60.030
60.060
60.090
60.120
60.150
60.180
60.210
60.240
60.270
60.300
60.330
60.360
60.390
60.420
60.450
60.480
60.510
60.540
60.570
60.600
60.630
60.660
60.690
60.720
60.750
60.780
60.810
60.840
60.870
60.900
60.930
60.960
60.990
61.020
61.050
61.080
61.110
61.140
61.170
61.200
61.230
61.260
61.290
61.320
61.350
61.380
61.410
61.440
61.470
61.500
61.530
61.560
61.590
61.620
61.650
61.680
61.710
61.740
61.770
61.800
61.830
61.860
61.890
61.920
61.950
61.980
62.010
62.040
62.070
62.100
62.130
62.160
62.190
62.220
62.250
62.280
62.310
62.340
62.370
62.400
62.430
62.460
62.490
62.520
62.550
62.580
62.610
62.640
62.670
62.700
62.730
62.760
62.790
62.820
62.850
62.880
62.910
62.940
62.970
63.000
63.030
63.060
63.090
63.120
63.150
63.180
63.210
63.240
63.270
63.300
63.330
63.360
63.390
63.420
63.450
63.480
63.510
63.540
63.570
63.600
63.630
63.660
63.690
63.720
63.750
63.780
63.810
63.840
63.870
63.900
63.930
63.960
63.990
64.020
64.050
64.080
64.110
64.140
64.170
64.200
64.230
64.260
64.290
64.320
64.350
64.380
64.410
64.440
64.470
64.500
64.530
64.560
64.590
64.620
64.650
64.680
64.710
64.740
64.770
64.800
64.830
64.860
64.890
64.920
64.950
64.980
65.010
65.040
65.070
65.100
65.130
65.160
65.190
65.220
65.250
65.280
65.310
65.340
65.370
65.400
65.430
65.460
65.490
65.520
65.550
65.580
65.610
65.640
65.670
65.700
65.730
65.760
65.790
65.820
65.850
65.880
65.910
65.940
65.970
66.000
66.030
66.060
66.090
66.120
66.150
66.180
66.210
66.240
66.270
66.300
66.330
66.360
66.390
66.420
66.450
66.480
66.510
66.540
66.570
66.600
66.630
66.660
66.690
66.720
66.750
66.780
66.810
66.840
66.870
66.900
66.930
66.960
66.990
67.020
67.050
67.080
67.110
67.140
67.170
67.200
67.230
67.260
67.290
67.320
67.350
67.380
67.410
67.440
67.470
67.500
67.530
67.560
67.590
67.620
67.650
67.680
67.710
67.740
67.770
67.800
67.830
67.860
67.890
67.920
67.950
67.980
68.010
68.040
68.070
68.100
68.130
68.160
68.190
68.220
68.250
68.280
68.310
68.340
68.370
68.400
68.430
68.460
68.490
68.520
68.550
68.580
68.610
68.640
68.670
68.700
68.730
68.760
68.790
68.820
68.850
68.880
68.910
68.940
68.970
69.000
69.030
69.060
69.090
69.120
69.150
69.180
69.210
69.240
69.270
69.300
69.330
69.360
69.390
69.420
69.450
69.480
69.510
69.540
69.570
69.600
69.630
69.660
69.690
69.720
69.750
69.780
69.810
69.840
69.870
69.900
69.930
69.960
69.990
70.020
70.050
70.080
70.110
70.140
70.170
70.200
70.230
70.260
70.290
70.320
70.350
70.380
70.410
70.440
70.470
70.500
70.530
70.560
70.590
70.620
70.650
70.680
70.710
70.740
70.770
70.800
70.830
70.860
70.890
70.920
70.950
70.980
71.010
71.040
71.070
71.100
71.130
71.160
71.190
71.220
71.250
71.280
71.310
71.340
71.370
71.400
71.430
71.460
71.490
71.520
71.550
71.580
71.610
71.640
71.670
71.700
71.730
71.760
71.790
71.820
71.850
71.880
71.910
71.940
71.970
72.000
72.030
72.060
72.090
72.120
72.150
72.180
72.210
72.240
72.270
72.300
72.330
72.360
72.390
72.420
72.450
72.480
72.510
72.540
72.570
72.600
72.630
72.660
72.690
72.720
72.750
72.780
72.810
72.840
72.870
72.900
72.930
72.960
72.990
73.020
73.050
73.080
73.110
73.140
73.170
73.200
73.230
73.260
73.290
73.320
73.350
73.380
73.410
73.440
73.470
73.500
73.530
73.560
73.590
73.620
73.650
73.680
73.710
73.740
73.770
73.800
73.830
73.860
73.890
73.920
73.950
73.980
74.010
74.040
74.070
74.100
74.130
74.160
74.190
74.220
74.250
74.280
74.310
74.340
74.370
74.400
74.430
74.460
74.490
74.520
74.550
74.580
74.610
74.640
74.670
74.700
74.730
74.760
74.790
74.820
74.850
74.880
74.910
74.940
74.970
75.000
75.030
75.060
75.090
75.120
75.150
75.180
75.210
75.240
75.270
75.300
75.330
75.360
75.390
75.420
75.450
75.480
75.510
75.540
75.570
75.600
75.630
75.660
75.690
75.720
75.750
75.780
75.810
75.840
75.870
75.900
75.930
75.960
75.990
76.020
76.050
76.080
76.110
76.140
76.170
76.200
76.230
76.260
76.290
76.320
76.350
76.380
76.410
76.440
76.470
76.500
76.530
76.560
76.590
76.620
76.650
76.680
76.710
76.740
76.770
76.800
76.830
76.860
76.890
76.920
76.950
76.980
77.010
77.040
77.070
77.100
77.130
77.160
77.190
77.220
77.250
77.280
77.310
77.340
77.370
77.400
77.430
77.460
77.490
77.520
77.550
77.580
77.610
77.640
77.670
77.700
77.730
77.760
77.790
77.820
77.850
77.880
77.910
77.940
77.970
78.000
78.030
78.060
78.090
78.120
78.150
78.180
78.210
78.240
78.270
78.300
78.330
78.360
78.390
78.420
78.450
78.480
78.510
78.540
78.570
78.600
78.630
78.660
78.690
78.720
78.750
78.780
78.810
78.840
78.870
78.900
78.930
78.960
78.990
79.020
79.050
79.080
79.110
79.140
79.170
79.200
79.230
79.260
79.290
79.320
79.350
79.380
79.410
79.440
79.470
79.500
79.530
79.560
79.590
79.620
79.650
79.680
79.710
79.740
79.770
79.800
79.830
79.860
79.890
79.920
79.950
79.980
80.010
80.040
80.070
80.100
80.130
80.160
80.190
80.220
80.250
80.280
80.310
80.340
80.370
80.400
80.430
80.460
80.490
80.520
80.550
80.580
80.610
80.640
80.670
80.700
80.730
80.760
80.790
80.820
80.850
80.880
80.910
80.940
80.970
81.000
81.030
81.060
81.090
81.120
81.150
81.180
81.210
81.240
81.270
81.300
81.330
81.360
81.390
81.420
81.450
81.480
81.510
81.540
81.570
81.600
81.630
81.660
81.690
81.720
81.750
81.780
81.810
81.840
81.870
81.900
81.930
81.960
81.990
82.020
82.050
82.080
82.110
82.140
82.170
82.200
82.230
82.260
82.290
82.320
82.350
82.380
82.410
82.440
82.470
82.500
82.530
82.560
82.590
82.620
82.650
82.680
82.710
82.740
82.770
82.800
82.830
82.860
82.890
82.920
82.950
82.980
83.010
83.040
83.070
83.100
83.130
83.160
83.190
83.220
83.250
83.280
83.310
83.340
83.370
83.400
83.430
83.460
83.490
83.520
83.550
83.580
83.610
83.640
83.670
83.700
83.730
83.760
83.790
83.820
83.850
83.880
83.910
83.940
83.970
84.000
84.030
84.060
84.090
84.120
84.150
84.180
84.210
84.240
84.270
84.300
84.330
84.360
84.390
84.420
84.450
84.480
84.510
84.540
84.570
84.600
84.630
84.660
84.690
84.720
84.750
84.780
84.810
84.840
84.870
84.900
84.930
84.960
84.990
85.020
85.050
85.080
85.110
85.140
85.170
85.200
85.230
85.260
85.290
85.320
85.350
85.380
85.410
85.440
85.470
85.500
85.530
85.560
85.590
85.620
85.650
85.680
85.710
85.740
85.770
85.800
85.830
85.860
85.890
85.920
85.950
85.980
86.010
86.040
86.070
86.100
86.130
86.160
86.190
86.220
86.250
86.280
86.310
86.340
86.370
86.400
86.430
86.460
86.490
86.520
86.550
86.580
86.610
86.640
86.670
86.700
86.730
86.760
86.790
86.820
86.850
86.880
86.910
86.940
86.970
87.000
87.030
87.060
87.090
87.120
87.150
87.180
87.210
87.240
87.270
87.300
87.330
87.360
87.390
87.420
87.450
87.480
87.510
87.540
87.570
87.600
87.630
87.660
87.690
87.720
87.750
87.780
87.810
87.840
87.870
87.900
87.930
87.960
87.990
88.020
88.050
88.080
88.110
88.140
88.170
88.200
88.230
88.260
88.290
88.320
88.350
88.380
88.410
88.440
88.470
88.500
88.530
88.560
88.590
88.620
88.650
88.680
88.710
88.740
88.770
88.800
88.830
88.860
88.890
88.920
88.950
88.980
89.010
89.040
89.070
89.100
89.130
89.160
89.190
89.220
89.250
89.280
89.310
89.340
89.370
89.400
89.430
89.460
89.490
89.520
89.550
89.580
89.610
89.640
89.670
89.700
89.730
89.760
89.790
89.820
89.850
89.880
89.910
89.940
89.970
90.000
90.030
90.060
90.090
90.120
90.150
90.180
90.210
90.240
90.270
90.300
90.330
90.360
90.390
90.420
90.450
90.480
90.510
90.540
90.570
90.600
90.630
90.660
90.690
90.720
90.750
90.780
90.810
90.840
90.870
90.900
90.930
90.960
90.990
91.020
91.050
91.080
91.110
91.140
91.170
91.200
91.230
91.260
91.290
91.320
91.350
91.380
91.410
91.440
91.470
91.500
91.530
91.560
91.590
91.620
91.650
91.680
91.710
91.740
91.770
91.800
91.830
91.860
91.890
91.920
91.950
91.980
92.010
92.040
92.070
92.100
92.130
92.160
92.190
92.220
92.250
92.280
92.310
92.340
92.370
92.400
92.430
92.460
92.490
92.520
92.550
92.580
92.610
92.640
92.670
92.700
92.730
92.760
92.790
92.820
92.850
92.880
92.910
92.940
92.970
93.000
93.030
93.060
93.090
93.120
93.150
93.180
93.210
93.240
93.270
93.300
93.330
93.360
93.390
93.420
93.450
93.480
93.510
93.540
93.570
93.600
93.630
93.660
93.690
93.720
93.750
93.780
93.810
93.840
93.870
93.900
93.930
93.960
93.990
94.020
94.050
94.080
94.110
94.140
94.170
94.200
94.230
94.260
94.290
94.320
94.350
94.380
94.410
94.440
94.470
94.500
94.530
94.560
94.590
94.620
94.650
94.680
94.710
94.740
94.770
94.800
94.830
94.860
94.890
94.920
94.950
94.980
95.010
95.040
95.070
95.100
95.130
95.160
95.190
95.220
95.250
95.280
95.310
95.340
95.370
95.400
95.430
95.460
95.490
95.520
95.550
95.580
95.610
95.640
95.670
95.700
95.730
95.760
95.790
95.820
95.850
95.880
95.910
95.940
95.970
96.000
96.030
96.060
96.090
96.120
96.150
96.180
96.210
96.240
96.270
96.300
96.330
96.360
96.390
96.420
96.450
96.480
96.510
96.540
96.570
96.600
96.630
96.660
96.690
96.720
96.750
96.780
96.810
96.840
96.870
96.900
96.930
96.960
96.990
97.020
97.050
97.080
97.110
97.140
97.170
97.200
97.230
97.260
97.290
97.320
97.350
97.380
97.410
97.440
97.470
97.500
97.530
97.560
97.590
97.620
97.650
97.680
97.710
97.740
97.770
97.800
97.830
97.860
97.890
97.920
97.950
97.980
98.010
98.040
98.070
98.100
98.130
98.160
98.190
98.220
98.250
98.280
98.310
98.340
98.370
98.400
98.430
98.460
98.490
98.520
98.550
98.580
98.610
98.640
98.670
98.700
98.730
98.760
98.790
98.820
98.850
98.880
98.910
98.940
98.970
99.000
99.030
99.060
99.090
99.120
99.150
99.180
99.210
99.240
99.270
99.300
99.330
99.360
99.390
99.420
99.450
99.480
99.510
99.540
99.570
99.600
99.630
99.660
99.690
99.720
99.750
99.780
99.810
99.840
99.870
99.900
99.930
99.960
99.990
100.020
100.050
100.080
100.110
100.140
100.170
100.200
100.230
100.260
100.290
100.320
100.350
100.380
100.410
100.440
100.470
100.500
100.530
100.560
100.590
100.620
100.650
100.680
100.710
100.740
100.770
100.800
100.830
100.860
100.890
100.920
100.950
100.980
101.010
101.040
101.070
101.100
101.130
101.160
101.190
101.220
101.250
101.280
101.310
101.340
101.370
101.400
101.430
101.460
101.490
101.520
101.550
101.580
101.610
101.640
101.670
101.700
101.730
101.760
101.790
101.820
101.850
101.880
101.910
101.940
101.970
102.000
102.030
102.060
102.090
102.120
102.150
102.180
102.210
102.240
102.270
102.300
102.330
102.360
102.390
102.420
102.450
102.480
102.510
102.540
102.570
102.600
102.630
102.660
102.690
102.720
102.750
102.780
102.810
102.840
102.870
102.900
102.930
102.960
102.990
103.020
103.050
103.080
103.110
103.140
103.170
103.200
103.230
103.260
103.290
103.320
103.350
103.380
103.410
103.440
103.470
103.500
103.530
103.560
103.590
103.620
103.650
103.680
103.710
103.740
103.770
