167.300
167.400
167.500
167.600
167.700
167.800
167.900
168.000
168.100
168.200
168.300
168.400
168.500
168.600
168.700
168.800
168.900
169.000
169.100
169.200
169.300
169.400
169.500
169.600
169.700
169.800
169.900
170.000
170.100
170.200
170.300
170.400
170.500
170.600
170.700
170.800
170.900
171.000
171.100
171.200
171.300
171.400
171.500
171.600
171.700
171.800
171.900
172.000
172.100
172.200
172.300
172.400
172.500
172.600
172.700
172.800
172.900
173.000
173.100
173.200
173.300
173.400
173.500
173.600
173.700
173.800
173.900
174.000
174.100
174.200
174.300
174.400
174.500
174.600
174.700
174.800
174.900
175.000
175.100
175.200
175.300
175.400
175.500
175.600
175.700
175.800
175.900
176.000
176.100
176.200
176.300
176.400
176.500
176.600
176.700
176.800
176.900
177.000
177.100
177.200
177.300
177.400
177.500
177.600
177.700
177.800
177.900
178.000
178.100
178.200
178.300
178.400
178.500
178.600
178.700
178.800
178.900
179.000
179.100
179.200
179.300
179.400
179.500
179.600
179.700
179.800
179.900
180.000
180.100
180.200
180.300
180.400
180.500
180.600
180.700
180.800
180.900
181.000
181.100
181.200
181.300
181.400
181.500
181.600
181.700
181.800
181.900
182.000
182.100
182.200
182.300
182.400
182.500
182.600
182.700
182.800
182.900
183.000
183.100
183.200
183.300
183.400
183.500
183.600
183.700
183.800
183.900
184.000
184.100
184.200
184.300
184.400
184.500
184.600
184.700
184.800
184.900
185.000
185.100
185.200
185.300
185.400
185.500
185.600
185.700
185.800
185.900
186.000
186.100
186.200
186.300
186.400
186.500
186.600
186.700
186.800
186.900
187.000
187.100
187.200
187.300
187.400
187.500
187.600
187.700
187.800
187.900
188.000
188.100
188.200
188.300
188.400
188.500
188.600
188.700
188.800
188.900
189.000
189.100
189.200
189.300
189.400
189.500
189.600
189.700
189.800
189.900
190.000
190.100
190.200
190.300
190.400
190.500
190.600
190.700
190.800
190.900
191.000
191.100
191.200
191.300
191.400
191.500
191.600
191.700
191.800
191.900
192.000
192.100
192.200
192.300
192.400
192.500
192.600
192.700
192.800
192.900
193.000
193.100
193.200
193.300
193.400
193.500
193.600
193.700
193.800
193.900
194.000
194.100
194.200
194.300
194.400
194.500
194.600
194.700
194.800
194.900
195.000
195.100
195.200
195.300
195.400
195.500
195.600
195.700
195.800
195.900
196.000
196.100
196.200
196.300
196.400
196.500
196.600
196.700
196.800
196.900
197.000
197.100
197.200
197.300
197.400
197.500
197.600
197.700
197.800
197.900
198.000
198.100
198.200
198.300
198.400
198.500
198.600
198.700
198.800
198.900
199.000
199.100
199.200
199.300
199.400
199.500
199.600
199.700
199.800
199.900
200.000
200.100
200.200
200.300
200.400
200.500
200.600
200.700
200.800
200.900
201.000
201.100
201.200
201.300
201.400
201.500
201.600
201.700
201.800
201.900
202.000
202.100
202.200
202.300
202.400
202.500
202.600
202.700
202.800
202.900
203.000
203.100
203.200
203.300
203.400
203.500
203.600
203.700
203.800
203.900
204.000
204.100
204.200
204.300
204.400
204.500
204.600
204.700
204.800
204.900
205.000
205.100
205.200
205.300
205.400
205.500
205.600
205.700
205.800
205.900
206.000
206.100
206.200
206.300
206.400
206.500
206.600
206.700
206.800
206.900
207.000
207.100
207.200
207.300
207.400
207.500
207.600
207.700
207.800
207.900
208.000
208.100
208.200
208.300
208.400
208.500
208.600
208.700
208.800
208.900
209.000
209.100
209.200
209.300
209.400
209.500
209.600
209.700
209.800
209.900
210.000
210.100
210.200
210.300
210.400
210.500
210.600
210.700
210.800
210.900
211.000
211.100
211.200
211.300
211.400
211.500
211.600
211.700
211.800
211.900
212.000
212.100
212.200
212.300
212.400
212.500
212.600
212.700
212.800
212.900
213.000
213.100
213.200
213.300
213.400
213.500
213.600
213.700
213.800
213.900
214.000
214.100
214.200
214.300
214.400
214.500
214.600
214.700
214.800
214.900
215.000
215.100
215.200
215.300
215.400
215.500
215.600
215.700
215.800
215.900
216.000
216.100
216.200
216.300
216.400
216.500
216.600
216.700
216.800
216.900
217.000
217.100
217.200
217.300
217.400
217.500
217.600
217.700
217.800
217.900
218.000
218.100
218.200
218.300
218.400
218.500
218.600
218.700
218.800
218.900
219.000
219.100
219.200
219.300
219.400
219.500
219.600
219.700
219.800
219.900
220.000
220.100
220.200
220.300
220.400
220.500
220.600
220.700
220.800
220.900
221.000
221.100
221.200
221.300
221.400
221.500
221.600
221.700
221.800
221.900
222.000
222.100
222.200
222.300
222.400
222.500
222.600
222.700
222.800
222.900
223.000
223.100
223.200
223.300
223.400
223.500
223.600
223.700
223.800
223.900
224.000
224.100
224.200
224.300
224.400
224.500
224.600
224.700
224.800
224.900
225.000
225.100
225.200
225.300
225.400
225.500
225.600
225.700
225.800
225.900
226.000
226.100
226.200
226.300
226.400
226.500
226.600
226.700
226.800
226.900
227.000
227.100
227.200
227.300
227.400
227.500
227.600
227.700
227.800
227.900
228.000
228.100
228.200
228.300
228.400
228.500
228.600
228.700
228.800
228.900
229.000
229.100
229.200
229.300
229.400
229.500
229.600
229.700
229.800
229.900
230.000
230.100
230.200
230.300
230.400
230.500
230.600
230.700
230.800
230.900
231.000
231.100
231.200
231.300
231.400
231.500
231.600
231.700
231.800
231.900
232.000
232.100
232.200
232.300
232.400
232.500
232.600
232.700
232.800
232.900
233.000
233.100
233.200
233.300
233.400
233.500
233.600
233.700
233.800
233.900
234.000
234.100
234.200
234.300
234.400
234.500
234.600
234.700
234.800
234.900
235.000
235.100
235.200
235.300
235.400
235.500
235.600
235.700
235.800
235.900
236.000
236.100
236.200
236.300
236.400
236.500
236.600
236.700
236.800
236.900
237.000
237.100
237.200
237.300
237.400
237.500
237.600
237.700
237.800
237.900
238.000
238.100
238.200
238.300
238.400
238.500
238.600
238.700
238.800
238.900
239.000
239.100
239.200
239.300
239.400
239.500
239.600
239.700
239.800
239.900
240.000
240.100
240.200
240.300
240.400
240.500
240.600
240.700
240.800
240.900
241.000
241.100
241.200
241.300
241.400
241.500
241.600
241.700
241.800
241.900
242.000
242.100
242.200
242.300
242.400
242.500
242.600
242.700
242.800
242.900
243.000
243.100
243.200
243.300
243.400
243.500
243.600
243.700
243.800
243.900
244.000
244.100
244.200
244.300
244.400
244.500
244.600
244.700
244.800
244.900
245.000
245.100
245.200
245.300
245.400
245.500
245.600
245.700
245.800
245.900
246.000
246.100
246.200
246.300
246.400
246.500
246.600
246.700
246.800
246.900
247.000
247.100
247.200
247.300
247.400
247.500
247.600
247.700
247.800
247.900
248.000
248.100
248.200
248.300
248.400
248.500
248.600
248.700
248.800
248.900
249.000
249.100
249.200
249.300
249.400
249.500
249.600
249.700
249.800
249.900
250.000
250.100
250.200
250.300
250.400
250.500
250.600
250.700
250.800
250.900
251.000
251.100
251.200
251.300
251.400
251.500
251.600
251.700
251.800
251.900
252.000
252.100
252.200
252.300
252.400
252.500
252.600
252.700
252.800
252.900
253.000
253.100
253.200
253.300
253.400
253.500
253.600
253.700
253.800
253.900
254.000
254.100
254.200
254.300
254.400
254.500
254.600
254.700
254.800
254.900
255.000
255.100
255.200
255.300
255.400
255.500
255.600
255.700
255.800
255.900
256.000
256.100
256.200
256.300
256.400
256.500
256.600
256.700
256.800
256.900
257.000
257.100
257.200
257.300
257.400
257.500
257.600
257.700
257.800
257.900
258.000
258.100
258.200
258.300
258.400
258.500
258.600
258.700
258.800
258.900
259.000
259.100
259.200
259.300
259.400
259.500
259.600
259.700
259.800
259.900
260.000
260.100
260.200
260.300
260.400
260.500
260.600
260.700
260.800
260.900
261.000
261.100
261.200
261.300
261.400
261.500
261.600
261.700
261.800
261.900
262.000
262.100
262.200
262.300
262.400
262.500
262.600
262.700
262.800
262.900
263.000
263.100
263.200
263.300
263.400
263.500
263.600
263.700
263.800
263.900
264.000
264.100
264.200
264.300
264.400
264.500
264.600
264.700
264.800
264.900
265.000
265.100
265.200
265.300
265.400
265.500
265.600
265.700
265.800
265.900
266.000
266.100
266.200
266.300
266.400
266.500
266.600
266.700
266.800
266.900
267.000
267.100
267.200
267.300
267.400
267.500
267.600
267.700
267.800
267.900
268.000
268.100
268.200
268.300
268.400
268.500
268.600
268.700
268.800
268.900
269.000
269.100
269.200
269.300
269.400
269.500
269.600
269.700
269.800
269.900
270.000
270.100
270.200
270.300
270.400
270.500
270.600
270.700
270.800
270.900
271.000
271.100
271.200
271.300
271.400
271.500
271.600
271.700
271.800
271.900
272.000
272.100
272.200
272.300
272.400
272.500
272.600
272.700
272.800
272.900
273.000
273.100
273.200
273.300
273.400
273.500
273.600
273.700
273.800
273.900
274.000
274.100
274.200
274.300
274.400
274.500
274.600
274.700
274.800
274.900
275.000
275.100
275.200
275.300
275.400
275.500
275.600
275.700
275.800
275.900
276.000
276.100
276.200
276.300
276.400
276.500
276.600
276.700
276.800
276.900
277.000
277.100
277.200
277.300
277.400
277.500
277.600
277.700
277.800
277.900
278.000
278.100
278.200
278.300
278.400
278.500
278.600
278.700
278.800
278.900
279.000
279.100
279.200
279.300
279.400
279.500
279.600
279.700
279.800
279.900
280.000
280.100
280.200
280.300
280.400
280.500
280.600
280.700
280.800
280.900
281.000
281.100
281.200
281.300
281.400
281.500
281.600
281.700
281.800
281.900
282.000
282.100
282.200
282.300
282.400
282.500
282.600
282.700
282.800
282.900
283.000
283.100
283.200
283.300
283.400
283.500
283.600
283.700
283.800
283.900
284.000
284.100
284.200
284.300
284.400
284.500
284.600
284.700
284.800
284.900
285.000
285.100
285.200
285.300
285.400
285.500
285.600
285.700
285.800
285.900
286.000
286.100
286.200
286.300
286.400
286.500
286.600
286.700
286.800
286.900
287.000
287.100
287.200
287.300
287.400
287.500
287.600
287.700
287.800
287.900
288.000
288.100
288.200
288.300
288.400
288.500
288.600
288.700
288.800
288.900
289.000
289.100
289.200
289.300
289.400
289.500
289.600
289.700
289.800
289.900
290.000
290.100
290.200
290.300
290.400
290.500
290.600
290.700
290.800
290.900
291.000
291.100
291.200
291.300
291.400
291.500
291.600
291.700
291.800
291.900
292.000
292.100
292.200
292.300
292.400
292.500
292.600
292.700
292.800
292.900
293.000
293.100
293.200
293.300
293.400
293.500
293.600
293.700
293.800
293.900
294.000
294.100
294.200
294.300
294.400
294.500
294.600
294.700
294.800
294.900
295.000
295.100
295.200
295.300
295.400
295.500
295.600
295.700
295.800
295.900
296.000
296.100
296.200
296.300
296.400
296.500
296.600
296.700
296.800
296.900
297.000
297.100
297.200
297.300
297.400
297.500
297.600
297.700
297.800
297.900
298.000
298.100
298.200
298.300
298.400
298.500
298.600
298.700
298.800
298.900
299.000
299.100
299.200
299.300
299.400
299.500
299.600
299.700
299.800
299.900
300.000
300.100
300.200
300.300
300.400
300.500
300.600
300.700
300.800
300.900
301.000
301.100
301.200
301.300
301.400
301.500
301.600
301.700
301.800
301.900
302.000
302.100
302.200
302.300
302.400
302.500
302.600
302.700
302.800
302.900
303.000
303.100
303.200
303.300
303.400
303.500
303.600
303.700
303.800
303.900
304.000
304.100
304.200
304.300
304.400
304.500
304.600
304.700
304.800
304.900
305.000
305.100
305.200
305.300
305.400
305.500
305.600
305.700
305.800
305.900
306.000
306.100
306.200
306.300
306.400
306.500
306.600
306.700
306.800
306.900
307.000
307.100
307.200
307.300
307.400
307.500
307.600
307.700
307.800
307.900
308.000
308.100
308.200
308.300
308.400
308.500
308.600
308.700
308.800
308.900
309.000
309.100
309.200
309.300
309.400
309.500
309.600
309.700
309.800
309.900
310.000
310.100
310.200
310.300
310.400
310.500
310.600
310.700
310.800
310.900
311.000
311.100
311.200
311.300
311.400
311.500
311.600
311.700
311.800
311.900
312.000
312.100
312.200
312.300
312.400
312.500
312.600
312.700
312.800
312.900
313.000
313.100
313.200
313.300
313.400
313.500
313.600
313.700
313.800
313.900
314.000
314.100
314.200
314.300
314.400
314.500
314.600
314.700
314.800
314.900
315.000
315.100
315.200
315.300
315.400
315.500
315.600
315.700
315.800
315.900
316.000
316.100
316.200
316.300
316.400
316.500
316.600
316.700
316.800
316.900
317.000
317.100
317.200
317.300
317.400
317.500
317.600
317.700
317.800
317.900
318.000
318.100
318.200
318.300
318.400
