167.300
167.400
167.500
167.600
167.700
167.800
167.900
168.000
168.101
168.201
168.301
168.401
168.501
168.601
168.701
168.801
168.901
169.001
169.101
169.201
169.301
169.401
169.501
169.602
169.702
169.802
169.902
170.002
170.102
170.202
170.302
170.402
170.502
170.602
170.702
170.802
170.902
171.002
171.103
171.203
171.303
171.403
171.503
171.603
171.703
171.803
171.903
172.003
172.103
172.203
172.303
172.403
172.503
172.604
172.704
172.804
172.904
173.004
173.104
173.204
173.304
173.404
173.504
173.604
173.704
173.804
173.904
174.004
174.105
174.205
174.305
174.405
174.505
174.605
174.705
174.805
174.905
175.005
175.105
175.205
175.305
175.405
175.505
175.605
175.706
175.806
175.906
176.006
176.106
176.206
176.306
176.406
176.506
176.606
176.706
176.806
176.906
177.006
177.106
177.207
177.307
177.407
177.507
177.607
177.707
177.807
177.907
178.007
178.107
178.207
178.307
178.407
178.507
178.607
178.708
178.808
178.908
179.008
179.108
179.208
179.308
179.408
179.508
179.608
179.708
179.808
179.908
180.008
180.108
180.209
180.309
180.409
180.509
180.609
180.709
180.809
180.909
181.009
181.109
181.209
181.309
181.409
181.509
181.609
181.710
181.810
181.910
182.010
182.110
182.210
182.310
182.410
182.510
182.610
182.710
182.810
182.910
183.010
183.110
183.211
183.311
183.411
183.511
183.611
183.711
183.811
183.911
184.011
184.111
184.211
184.311
184.411
184.511
184.611
184.712
184.812
184.912
185.012
185.112
185.212
185.312
185.412
185.512
185.612
185.712
185.812
185.912
186.012
186.112
186.213
186.313
186.413
186.513
186.613
186.713
186.813
186.913
187.013
187.113
187.213
187.313
187.413
187.513
187.613
187.714
187.814
187.914
188.014
188.114
188.214
188.314
188.414
188.514
188.614
188.714
188.814
188.914
189.014
189.114
189.214
189.315
189.415
189.515
189.615
189.715
189.815
189.915
190.015
190.115
190.215
190.315
190.415
190.515
190.615
190.715
190.816
190.916
191.016
191.116
191.216
191.316
191.416
191.516
191.616
191.716
191.816
191.916
192.016
192.116
192.216
192.317
192.417
192.517
192.617
192.717
192.817
192.917
193.017
193.117
193.217
193.317
193.417
193.517
193.617
193.717
193.818
193.918
194.018
194.118
194.218
194.318
194.418
194.518
194.618
194.718
194.818
194.918
195.018
195.118
195.218
195.319
195.419
195.519
195.619
195.719
195.819
195.919
196.019
196.119
196.219
196.319
196.419
196.519
196.619
196.719
196.820
196.920
197.020
197.120
197.220
197.320
197.420
197.520
197.620
197.720
197.820
197.920
198.020
198.120
198.220
198.321
198.421
198.521
198.621
198.721
198.821
198.921
199.021
199.121
199.221
199.321
199.421
199.521
199.621
199.721
199.822
199.922
200.022
200.122
200.222
200.322
200.422
200.522
200.622
200.722
200.822
200.922
201.022
201.122
201.222
201.323
201.423
201.523
201.623
201.723
201.823
201.923
202.023
202.123
202.223
202.323
202.423
202.523
202.623
202.723
202.823
202.924
203.024
203.124
203.224
203.324
203.424
203.524
203.624
203.724
203.824
203.924
204.024
204.124
204.224
204.324
204.425
204.525
204.625
204.725
204.825
204.925
205.025
205.125
205.225
205.325
205.425
205.525
205.625
205.725
205.825
205.926
206.026
206.126
206.226
206.326
206.426
206.526
206.626
206.726
206.826
206.926
207.026
207.126
207.226
207.326
207.427
207.527
207.627
207.727
207.827
207.927
208.027
208.127
208.227
208.327
208.427
208.527
208.627
208.727
208.827
208.928
209.028
209.128
209.228
209.328
209.428
209.528
209.628
209.728
209.828
209.928
210.028
210.128
210.228
210.328
210.429
210.529
210.629
210.729
210.829
210.929
211.029
211.129
211.229
211.329
211.429
211.529
211.629
211.729
211.829
211.930
212.030
212.130
212.230
212.330
212.430
212.530
212.630
212.730
212.830
212.930
213.030
213.130
213.230
213.330
213.431
213.531
213.631
213.731
213.831
213.931
214.031
214.131
214.231
214.331
214.431
214.531
214.631
214.731
214.831
214.932
215.032
215.132
215.232
215.332
215.432
215.532
215.632
215.732
215.832
215.932
216.032
216.132
216.232
216.332
216.432
216.533
216.633
216.733
216.833
216.933
217.033
217.133
217.233
217.333
217.433
217.533
217.633
217.733
217.833
217.933
218.034
218.134
218.234
218.334
218.434
218.534
218.634
218.734
218.834
218.934
219.034
219.134
219.234
219.334
219.434
219.535
219.635
219.735
219.835
219.935
220.035
220.135
220.235
220.335
220.435
220.535
220.635
220.735
220.835
220.935
221.036
221.136
221.236
221.336
221.436
221.536
221.636
221.736
221.836
221.936
222.036
222.136
222.236
222.336
222.436
222.537
222.637
222.737
222.837
222.937
223.037
223.137
223.237
223.337
223.437
223.537
223.637
223.737
223.837
223.937
224.038
224.138
224.238
224.338
224.438
224.538
224.638
224.738
224.838
224.938
225.038
225.138
225.238
225.338
225.438
225.539
225.639
225.739
225.839
225.939
226.039
226.139
226.239
226.339
226.439
226.539
226.639
226.739
226.839
226.939
227.040
227.140
227.240
227.340
227.440
227.540
227.640
227.740
227.840
227.940
228.040
228.140
228.240
228.340
228.440
228.541
228.641
228.741
228.841
228.941
229.041
229.141
229.241
229.341
229.441
229.541
229.641
229.741
229.841
229.941
230.041
230.142
230.242
230.342
230.442
230.542
230.642
230.742
230.842
230.942
231.042
231.142
231.242
231.342
231.442
231.542
231.643
231.743
231.843
231.943
232.043
232.143
232.243
232.343
232.443
232.543
232.643
232.743
232.843
232.943
233.043
233.144
233.244
233.344
233.444
233.544
233.644
233.744
233.844
233.944
234.044
234.144
234.244
234.344
234.444
234.544
234.645
234.745
234.845
234.945
235.045
235.145
235.245
235.345
235.445
235.545
235.645
235.745
235.845
235.945
236.045
236.146
236.246
236.346
236.446
236.546
236.646
236.746
236.846
236.946
237.046
237.146
237.246
237.346
237.446
237.546
237.647
237.747
237.847
237.947
238.047
238.147
238.247
238.347
238.447
238.547
238.647
238.747
238.847
238.947
239.047
239.148
239.248
239.348
239.448
239.548
239.648
239.748
239.848
239.948
240.048
240.148
240.248
240.348
240.448
240.548
240.649
240.749
240.849
240.949
241.049
241.149
241.249
241.349
241.449
241.549
241.649
241.749
241.849
241.949
242.049
242.150
242.250
242.350
242.450
242.550
242.650
242.750
242.850
242.950
243.050
243.150
243.250
243.350
243.450
243.550
243.650
243.751
243.851
243.951
244.051
244.151
244.251
244.351
244.451
244.551
244.651
244.751
244.851
244.951
245.051
245.151
245.252
245.352
245.452
245.552
245.652
245.752
245.852
245.952
246.052
246.152
246.252
246.352
246.452
246.552
246.652
246.753
246.853
246.953
247.053
247.153
247.253
247.353
247.453
247.553
247.653
247.753
247.853
247.953
248.053
248.153
248.254
248.354
248.454
248.554
248.654
248.754
248.854
248.954
249.054
249.154
249.254
249.354
249.454
249.554
249.654
249.755
249.855
249.955
250.055
250.155
250.255
250.355
250.455
250.555
250.655
250.755
250.855
250.955
251.055
251.155
251.256
251.356
251.456
251.556
251.656
251.756
251.856
251.956
252.056
252.156
252.256
252.356
252.456
252.556
252.656
252.757
252.857
252.957
253.057
253.157
253.257
253.357
253.457
253.557
253.657
253.757
253.857
253.957
254.057
254.157
254.258
254.358
254.458
254.558
254.658
254.758
254.858
254.958
255.058
255.158
255.258
255.358
255.458
255.558
255.658
255.759
255.859
255.959
256.059
256.159
256.259
256.359
256.459
256.559
256.659
256.759
256.859
256.959
257.059
257.159
257.259
257.360
257.460
257.560
257.660
257.760
257.860
257.960
258.060
258.160
258.260
258.360
258.460
258.560
258.660
258.760
258.861
258.961
259.061
259.161
259.261
259.361
259.461
259.561
259.661
259.761
259.861
259.961
260.061
260.161
260.261
260.362
260.462
260.562
260.662
260.762
260.862
260.962
261.062
261.162
261.262
261.362
261.462
261.562
261.662
261.762
261.863
261.963
262.063
262.163
262.263
262.363
262.463
262.563
262.663
262.763
262.863
262.963
263.063
263.163
263.263
263.364
263.464
263.564
263.664
263.764
263.864
263.964
264.064
264.164
264.264
264.364
264.464
264.564
264.664
264.764
264.865
264.965
265.065
265.165
265.265
265.365
265.465
265.565
265.665
265.765
265.865
265.965
266.065
266.165
266.265
266.366
266.466
266.566
266.666
266.766
266.866
266.966
267.066
267.166
267.266
267.366
267.466
267.566
267.666
267.766
267.867
267.967
268.067
268.167
268.267
268.367
268.467
268.567
268.667
268.767
268.867
268.967
269.067
269.167
269.267
269.368
269.468
269.568
269.668
269.768
269.868
269.968
270.068
270.168
270.268
270.368
270.468
270.568
270.668
270.768
270.868
270.969
271.069
271.169
271.269
271.369
271.469
271.569
271.669
271.769
271.869
271.969
272.069
272.169
272.269
272.369
272.470
272.570
272.670
272.770
272.870
272.970
273.070
273.170
273.270
273.370
273.470
273.570
273.670
273.770
273.870
273.971
274.071
274.171
274.271
274.371
274.471
274.571
274.671
274.771
274.871
274.971
275.071
275.171
275.271
275.371
275.472
275.572
275.672
275.772
275.872
275.972
276.072
276.172
276.272
276.372
276.472
276.572
276.672
276.772
276.872
276.973
277.073
277.173
277.273
277.373
277.473
277.573
277.673
277.773
277.873
277.973
278.073
278.173
278.273
278.373
278.474
278.574
278.674
278.774
278.874
278.974
279.074
279.174
279.274
279.374
279.474
279.574
279.674
279.774
279.874
279.975
280.075
280.175
280.275
280.375
280.475
280.575
280.675
280.775
280.875
280.975
281.075
281.175
281.275
281.375
281.476
281.576
281.676
281.776
281.876
281.976
282.076
282.176
282.276
282.376
282.476
282.576
282.676
282.776
282.876
282.977
283.077
283.177
283.277
283.377
283.477
283.577
283.677
283.777
283.877
283.977
284.077
284.177
284.277
284.377
284.477
284.578
284.678
284.778
284.878
284.978
285.078
285.178
285.278
285.378
285.478
285.578
285.678
285.778
285.878
285.978
286.079
286.179
286.279
286.379
286.479
286.579
286.679
286.779
286.879
286.979
287.079
287.179
287.279
287.379
287.479
287.580
287.680
287.780
287.880
287.980
288.080
288.180
288.280
288.380
288.480
288.580
288.680
288.780
288.880
288.980
289.081
289.181
289.281
289.381
289.481
289.581
289.681
289.781
289.881
289.981
290.081
290.181
290.281
290.381
290.481
290.582
290.682
290.782
290.882
290.982
291.082
291.182
291.282
291.382
291.482
291.582
291.682
291.782
291.882
291.982
292.083
292.183
292.283
292.383
292.483
292.583
292.683
292.783
292.883
292.983
293.083
293.183
293.283
293.383
293.483
293.584
293.684
293.784
293.884
293.984
294.084
294.184
294.284
294.384
294.484
294.584
294.684
294.784
294.884
294.984
295.085
295.185
295.285
295.385
295.485
295.585
295.685
295.785
295.885
295.985
296.085
296.185
296.285
296.385
296.485
296.586
296.686
296.786
296.886
296.986
297.086
297.186
297.286
297.386
297.486
297.586
297.686
297.786
297.886
297.986
298.086
298.187
298.287
298.387
298.487
298.587
298.687
298.787
298.887
298.987
299.087
299.187
299.287
299.387
299.487
299.587
299.688
299.788
299.888
299.988
300.088
300.188
300.288
300.388
300.488
300.588
300.688
300.788
300.888
300.988
301.088
301.189
301.289
301.389
301.489
301.589
301.689
301.789
301.889
301.989
302.089
302.189
302.289
302.389
302.489
302.589
302.690
302.790
302.890
302.990
303.090
303.190
303.290
303.390
303.490
303.590
303.690
303.790
303.890
303.990
304.090
304.191
304.291
304.391
304.491
304.591
304.691
304.791
304.891
304.991
305.091
305.191
305.291
305.391
305.491
305.591
305.692
305.792
305.892
305.992
306.092
306.192
306.292
306.392
306.492
306.592
306.692
306.792
306.892
306.992
307.092
307.193
307.293
307.393
307.493
307.593
307.693
307.793
307.893
307.993
308.093
308.193
308.293
308.393
308.493
308.593
308.694
308.794
308.894
308.994
309.094
309.194
309.294
309.394
309.494
309.594
309.694
309.794
309.894
309.994
310.094
310.195
310.295
310.395
310.495
310.595
310.695
310.795
310.895
310.995
311.095
311.195
311.295
311.395
311.495
311.595
311.695
311.796
311.896
311.996
312.096
312.196
312.296
312.396
312.496
312.596
312.696
312.796
312.896
312.996
313.096
313.196
313.297
313.397
313.497
313.597
313.697
313.797
313.897
313.997
314.097
314.197
314.297
314.397
314.497
314.597
314.697
314.798
314.898
314.998
315.098
315.198
315.298
315.398
315.498
315.598
315.698
315.798
315.898
315.998
316.098
316.198
316.299
316.399
316.499
316.599
316.699
316.799
316.899
316.999
317.099
317.199
317.299
317.399
317.499
317.599
317.699
317.800
317.900
318.000
318.100
318.200
318.300
318.400
