318.500
318.700
318.900
319.100
319.300
319.500
319.700
319.900
320.100
320.300
320.500
320.700
320.900
321.100
321.300
321.500
321.700
321.900
322.100
322.300
322.500
322.700
322.900
323.100
323.300
323.500
323.700
323.900
324.100
324.300
324.500
324.700
324.900
325.100
325.300
325.500
325.700
325.900
326.100
326.300
326.500
326.700
326.900
327.100
327.300
327.500
327.700
327.900
328.100
328.300
328.500
328.700
328.900
329.100
329.300
329.500
329.700
329.900
330.100
330.300
330.500
330.700
330.900
331.100
331.300
331.500
331.700
331.900
332.100
332.300
332.500
332.700
332.900
333.100
333.300
333.500
333.700
333.900
334.100
334.300
334.500
334.700
334.900
335.100
335.300
335.500
335.700
335.900
336.100
336.300
336.500
336.700
336.900
337.100
337.300
337.500
337.700
337.900
338.100
338.300
338.500
338.700
338.900
339.100
339.300
339.500
339.700
339.900
340.100
340.300
340.500
340.700
340.900
341.100
341.300
341.500
341.700
341.900
342.100
342.300
342.500
342.700
342.900
343.100
343.300
343.500
343.700
343.900
344.100
344.300
344.500
344.700
344.900
345.100
345.300
345.500
345.700
345.900
346.100
346.300
346.500
346.700
346.900
347.100
347.300
347.500
347.700
347.900
348.100
348.300
348.500
348.700
348.900
349.100
349.300
349.500
349.700
349.900
350.100
350.300
350.500
350.700
350.900
351.100
351.300
351.500
351.700
351.900
352.100
352.300
352.500
352.700
352.900
353.100
353.300
353.500
353.700
353.900
354.100
354.300
354.500
354.700
354.900
355.100
355.300
355.500
355.700
355.900
356.100
356.300
356.500
356.700
356.900
357.100
357.300
357.500
357.700
357.900
358.100
358.300
358.500
358.700
358.900
359.100
359.300
359.500
359.700
359.900
360.100
360.300
360.500
360.700
360.900
361.100
361.300
361.500
361.700
361.900
362.100
362.300
362.500
362.700
362.900
363.100
363.300
363.500
363.700
363.900
364.100
364.300
364.500
364.700
364.900
365.100
365.300
365.500
365.700
365.900
366.100
366.300
366.500
366.700
366.900
367.100
367.300
367.500
367.700
367.900
368.100
368.300
368.500
368.700
368.900
369.100
369.300
369.500
369.700
369.900
370.100
370.300
370.500
370.700
370.900
371.100
371.300
371.500
371.700
371.900
372.100
372.300
372.500
372.700
372.900
373.100
373.300
373.500
373.700
373.900
374.100
374.300
374.500
374.700
374.900
375.100
375.300
375.500
375.700
375.900
376.100
376.300
376.500
376.700
376.900
377.100
377.300
377.500
377.700
377.900
378.100
378.300
378.500
378.700
378.900
379.100
379.300
379.500
379.700
379.900
380.100
380.300
380.500
380.700
380.900
381.100
381.300
381.500
381.700
381.900
382.100
382.300
382.500
382.700
382.900
383.100
383.300
383.500
383.700
383.900
384.100
384.300
384.500
384.700
384.900
385.100
385.300
385.500
385.700
385.900
386.100
386.300
386.500
386.700
386.900
387.100
387.300
387.500
387.700
387.900
388.100
388.300
388.500
388.700
388.900
389.100
389.300
389.500
389.700
389.900
390.100
390.300
390.500
390.700
390.900
391.100
391.300
391.500
391.700
391.900
392.100
392.300
392.500
392.700
392.900
393.100
393.300
393.500
393.700
393.900
394.100
394.300
394.500
394.700
394.900
395.100
395.300
395.500
395.700
395.900
396.100
396.300
396.500
396.700
396.900
397.100
397.300
397.500
397.700
397.900
398.100
398.300
398.500
398.700
398.900
399.100
399.300
399.500
399.700
399.900
400.100
400.300
400.500
400.700
400.900
401.100
401.300
401.500
401.700
401.900
402.100
402.300
402.500
402.700
402.900
403.100
403.300
403.500
403.700
403.900
404.100
404.300
404.500
404.700
404.900
405.100
405.300
405.500
405.700
405.900
406.100
406.300
406.500
406.700
406.900
407.100
407.300
407.500
407.700
407.900
408.100
408.300
408.500
408.700
408.900
409.100
409.300
409.500
409.700
409.900
410.100
410.300
410.500
410.700
410.900
411.100
411.300
411.500
411.700
411.900
412.100
412.300
412.500
412.700
412.900
413.100
413.300
413.500
413.700
413.900
414.100
414.300
414.500
414.700
414.900
415.100
415.300
415.500
415.700
415.900
416.100
416.300
416.500
416.700
416.900
417.100
417.300
417.500
417.700
417.900
418.100
418.300
418.500
418.700
418.900
419.100
419.300
419.500
419.700
419.900
420.100
420.300
420.500
420.700
420.900
421.100
421.300
421.500
421.700
421.900
422.100
422.300
422.500
422.700
422.900
423.100
423.300
423.500
423.700
423.900
424.100
424.300
424.500
424.700
424.900
425.100
425.300
425.500
425.700
425.900
426.100
426.300
426.500
426.700
426.900
427.100
427.300
427.500
427.700
427.900
428.100
428.300
428.500
428.700
428.900
429.100
429.300
429.500
429.700
429.900
430.100
430.300
430.500
430.700
430.900
431.100
431.300
431.500
431.700
431.900
432.100
432.300
432.500
432.700
432.900
433.100
433.300
433.500
433.700
433.900
434.100
434.300
434.500
434.700
434.900
435.100
435.300
435.500
435.700
435.900
436.100
436.300
436.500
436.700
436.900
437.100
437.300
437.500
437.700
437.900
438.100
438.300
438.500
438.700
438.900
439.100
439.300
439.500
439.700
439.900
440.100
440.300
440.500
440.700
440.900
441.100
441.300
441.500
441.700
441.900
442.100
442.300
442.500
442.700
442.900
443.100
443.300
443.500
443.700
443.900
444.100
444.300
444.500
444.700
444.900
445.100
445.300
445.500
445.700
445.900
446.100
446.300
446.500
446.700
446.900
447.100
447.300
447.500
447.700
447.900
448.100
448.300
448.500
448.700
448.900
449.100
449.300
449.500
449.700
449.900
450.100
450.300
450.500
450.700
450.900
451.100
451.300
451.500
451.700
451.900
452.100
452.300
452.500
452.700
452.900
453.100
453.300
453.500
453.700
453.900
454.100
454.300
454.500
454.700
454.900
455.100
455.300
455.500
455.700
455.900
456.100
456.300
456.500
456.700
456.900
457.100
457.300
457.500
457.700
457.900
458.100
458.300
458.500
458.700
458.900
459.100
459.300
459.500
459.700
459.900
460.100
460.300
460.500
460.700
460.900
461.100
461.300
461.500
461.700
461.900
462.100
462.300
462.500
462.700
462.900
463.100
463.300
463.500
463.700
463.900
464.100
464.300
464.500
464.700
464.900
465.100
465.300
465.500
465.700
465.900
466.100
466.300
466.500
466.700
466.900
467.100
467.300
467.500
467.700
467.900
468.100
468.300
468.500
468.700
468.900
469.100
469.300
469.500
469.700
469.900
470.100
470.300
470.500
470.700
470.900
471.100
471.300
471.500
471.700
471.900
472.100
472.300
472.500
472.700
472.900
473.100
473.300
473.500
473.700
473.900
474.100
474.300
474.500
474.700
474.900
475.100
475.300
475.500
475.700
475.900
476.100
476.300
476.500
476.700
476.900
477.100
477.300
477.500
477.700
477.900
478.100
478.300
478.500
478.700
478.900
479.100
479.300
479.500
479.700
479.900
480.100
480.300
480.500
480.700
480.900
481.100
481.300
481.500
481.700
481.900
482.100
482.300
482.500
482.700
482.900
483.100
483.300
483.500
483.700
483.900
484.100
484.300
484.500
484.700
484.900
485.100
485.300
485.500
485.700
485.900
486.100
486.300
486.500
486.700
486.900
487.100
487.300
487.500
487.700
487.900
488.100
488.300
488.500
488.700
488.900
489.100
489.300
489.500
489.700
489.900
490.100
490.300
490.500
490.700
490.900
491.100
491.300
491.500
491.700
491.900
492.100
492.300
492.500
492.700
492.900
493.100
493.300
493.500
493.700
493.900
494.100
494.300
494.500
494.700
494.900
495.100
495.300
495.500
495.700
495.900
496.100
496.300
496.500
496.700
496.900
497.100
497.300
497.500
497.700
497.900
498.100
498.300
498.500
498.700
498.900
499.100
499.300
499.500
499.700
499.900
500.100
