103.800
103.850
103.900
103.950
104.000
104.050
104.100
104.150
104.200
104.250
104.300
104.350
104.400
104.450
104.500
104.550
104.600
104.650
104.700
104.750
104.800
104.850
104.900
104.950
105.000
105.050
105.100
105.150
105.200
105.250
105.300
105.350
105.400
105.450
105.500
105.550
105.600
105.650
105.700
105.750
105.800
105.850
105.900
105.950
106.000
106.050
106.100
106.150
106.200
106.250
106.300
106.350
106.400
106.450
106.500
106.550
106.600
106.650
106.700
106.750
106.800
106.850
106.900
106.950
107.000
107.050
107.100
107.150
107.200
107.250
107.300
107.350
107.400
107.450
107.500
107.550
107.600
107.650
107.700
107.750
107.800
107.850
107.900
107.950
108.000
108.050
108.100
108.150
108.200
108.250
108.300
108.350
108.400
108.450
108.500
108.550
108.600
108.650
108.700
108.750
108.800
108.850
108.900
108.950
109.000
109.050
109.100
109.150
109.200
109.250
109.300
109.350
109.400
109.450
109.500
109.550
109.600
109.650
109.700
109.750
109.800
109.850
109.900
109.950
110.000
110.050
110.100
110.150
110.200
110.250
110.300
110.350
110.400
110.450
110.500
110.550
110.600
110.650
110.700
110.750
110.800
110.850
110.900
110.950
111.000
111.050
111.100
111.150
111.200
111.250
111.300
111.350
111.400
111.450
111.500
111.550
111.600
111.650
111.700
111.750
111.800
111.850
111.900
111.950
112.000
112.050
112.100
112.150
112.200
112.250
112.300
112.350
112.400
112.450
112.500
112.550
112.600
112.650
112.700
112.750
112.800
112.850
112.900
112.950
113.000
113.050
113.100
113.150
113.200
113.250
113.300
113.350
113.400
113.450
113.500
113.550
113.600
113.650
113.700
113.750
113.800
113.850
113.900
113.950
114.000
114.050
114.100
114.150
114.200
114.250
114.300
114.350
114.400
114.450
114.500
114.550
114.600
114.650
114.700
114.750
114.800
114.850
114.900
114.950
115.000
115.050
115.100
115.150
115.200
115.250
115.300
115.350
115.400
115.450
115.500
115.550
115.600
115.650
115.700
115.750
115.800
115.850
115.900
115.950
116.000
116.050
116.100
116.150
116.200
116.250
116.300
116.350
116.400
116.450
116.500
116.550
116.600
116.650
116.700
116.750
116.800
116.850
116.900
116.950
117.000
117.050
117.100
117.150
117.200
117.250
117.300
117.350
117.400
117.450
117.500
117.550
117.600
117.650
117.700
117.750
117.800
117.850
117.900
117.950
118.000
118.050
118.100
118.150
118.200
118.250
118.300
118.350
118.400
118.450
118.500
118.550
118.600
118.650
118.700
118.750
118.800
118.850
118.900
118.950
119.000
119.050
119.100
119.150
119.200
119.250
119.300
119.350
119.400
119.450
119.500
119.550
119.600
119.650
119.700
119.750
119.800
119.850
119.900
119.950
120.000
120.050
120.100
120.150
120.200
120.250
120.300
120.350
120.400
120.450
120.500
120.550
120.600
120.650
120.700
120.750
120.800
120.850
120.900
120.950
121.000
121.050
121.100
121.150
121.200
121.250
121.300
121.350
121.400
121.450
121.500
121.550
121.600
121.650
121.700
121.750
121.800
121.850
121.900
121.950
122.000
122.050
122.100
122.150
122.200
122.250
122.300
122.350
122.400
122.450
122.500
122.550
122.600
122.650
122.700
122.750
122.800
122.850
122.900
122.950
123.000
123.050
123.100
123.150
123.200
123.250
123.300
123.350
123.400
123.450
123.500
123.550
123.600
123.650
123.700
123.750
123.800
123.850
123.900
123.950
124.000
124.050
124.100
124.150
124.200
124.250
124.300
124.350
124.400
124.450
124.500
124.550
124.600
124.650
124.700
124.750
124.800
124.850
124.900
124.950
125.000
125.050
125.100
125.150
125.200
125.250
125.300
125.350
125.400
125.450
125.500
125.550
125.600
125.650
125.700
125.750
125.800
125.850
125.900
125.950
126.000
126.050
126.100
126.150
126.200
126.250
126.300
126.350
126.400
126.450
126.500
126.550
126.600
126.650
126.700
126.750
126.800
126.850
126.900
126.950
127.000
127.050
127.100
127.150
127.200
127.250
127.300
127.350
127.400
127.450
127.500
127.550
127.600
127.650
127.700
127.750
127.800
127.850
127.900
127.950
128.000
128.050
128.100
128.150
128.200
128.250
128.300
128.350
128.400
128.450
128.500
128.550
128.600
128.650
128.700
128.750
128.800
128.850
128.900
128.950
129.000
129.050
129.100
129.150
129.200
129.250
129.300
129.350
129.400
129.450
129.500
129.550
129.600
129.650
129.700
129.750
129.800
129.850
129.900
129.950
130.000
130.050
130.100
130.150
130.200
130.250
130.300
130.350
130.400
130.450
130.500
130.550
130.600
130.650
130.700
130.750
130.800
130.850
130.900
130.950
131.000
131.050
131.100
131.150
131.200
131.250
131.300
131.350
131.400
131.450
131.500
131.550
131.600
131.650
131.700
131.750
131.800
131.850
131.900
131.950
132.000
132.050
132.100
132.150
132.200
132.250
132.300
132.350
132.400
132.450
132.500
132.550
132.600
132.650
132.700
132.750
132.800
132.850
132.900
132.950
133.000
133.050
133.100
133.150
133.200
133.250
133.300
133.350
133.400
133.450
133.500
133.550
133.600
133.650
133.700
133.750
133.800
133.850
133.900
133.950
134.000
134.050
134.100
134.150
134.200
134.250
134.300
134.350
134.400
134.450
134.500
134.550
134.600
134.650
134.700
134.750
134.800
134.850
134.900
134.950
135.000
135.050
135.100
135.150
135.200
135.250
135.300
135.350
135.400
135.450
135.500
135.550
135.600
135.650
135.700
135.750
135.800
135.850
135.900
135.950
136.000
136.050
136.100
136.150
136.200
136.250
136.300
136.350
136.400
136.450
136.500
136.550
136.600
136.650
136.700
136.750
136.800
136.850
136.900
136.950
137.000
137.050
137.100
137.150
137.200
137.250
137.300
137.350
137.400
137.450
137.500
137.550
137.600
137.650
137.700
137.750
137.800
137.850
137.900
137.950
138.000
138.050
138.100
138.150
138.200
138.250
138.300
138.350
138.400
138.450
138.500
138.550
138.600
138.650
138.700
138.750
138.800
138.850
138.900
138.950
139.000
139.050
139.100
139.150
139.200
139.250
139.300
139.350
139.400
139.450
139.500
139.550
139.600
139.650
139.700
139.750
139.800
139.850
139.900
139.950
140.000
140.050
140.100
140.150
140.200
140.250
140.300
140.350
140.400
140.450
140.500
140.550
140.600
140.650
140.700
140.750
140.800
140.850
140.900
140.950
141.000
141.050
141.100
141.150
141.200
141.250
141.300
141.350
141.400
141.450
141.500
141.550
141.600
141.650
141.700
141.750
141.800
141.850
141.900
141.950
142.000
142.050
142.100
142.150
142.200
142.250
142.300
142.350
142.400
142.450
142.500
142.550
142.600
142.650
142.700
142.750
142.800
142.850
142.900
142.950
143.000
143.050
143.100
143.150
143.200
143.250
143.300
143.350
143.400
143.450
143.500
143.550
143.600
143.650
143.700
143.750
143.800
143.850
143.900
143.950
144.000
144.050
144.100
144.150
144.200
144.250
144.300
144.350
144.400
144.450
144.500
144.550
144.600
144.650
144.700
144.750
144.800
144.850
144.900
144.950
145.000
145.050
145.100
145.150
145.200
145.250
145.300
145.350
145.400
145.450
145.500
145.550
145.600
145.650
145.700
145.750
145.800
145.850
145.900
145.950
146.000
146.050
146.100
146.150
146.200
146.250
146.300
146.350
146.400
146.450
146.500
146.550
146.600
146.650
146.700
146.750
146.800
146.850
146.900
146.950
147.000
147.050
147.100
147.150
147.200
147.250
147.300
147.350
147.400
147.450
147.500
147.550
147.600
147.650
147.700
147.750
147.800
147.850
147.900
147.950
148.000
148.050
148.100
148.150
148.200
148.250
148.300
148.350
148.400
148.450
148.500
148.550
148.600
148.650
148.700
148.750
148.800
148.850
148.900
148.950
149.000
149.050
149.100
149.150
149.200
149.250
149.300
149.350
149.400
149.450
149.500
149.550
149.600
149.650
149.700
149.750
149.800
149.850
149.900
149.950
150.000
150.050
150.100
150.150
150.200
150.250
150.300
150.350
150.400
150.450
150.500
150.550
150.600
150.650
150.700
150.750
150.800
150.850
150.900
150.950
151.000
151.050
151.100
151.150
151.200
151.250
151.300
151.350
151.400
151.450
151.500
151.550
151.600
151.650
151.700
151.750
151.800
151.850
151.900
151.950
152.000
152.050
152.100
152.150
152.200
152.250
152.300
152.350
152.400
152.450
152.500
152.550
152.600
152.650
152.700
152.750
152.800
152.850
152.900
152.950
153.000
153.050
153.100
153.150
153.200
153.250
153.300
153.350
153.400
153.450
153.500
153.550
153.600
153.650
153.700
153.750
153.800
153.850
153.900
153.950
154.000
154.050
154.100
154.150
154.200
154.250
154.300
154.350
154.400
154.450
154.500
154.550
154.600
154.650
154.700
154.750
154.800
154.850
154.900
154.950
155.000
155.050
155.100
155.150
155.200
155.250
155.300
155.350
155.400
155.450
155.500
155.550
155.600
155.650
155.700
155.750
155.800
155.850
155.900
155.950
156.000
156.050
156.100
156.150
156.200
156.250
156.300
156.350
156.400
156.450
156.500
156.550
156.600
156.650
156.700
156.750
156.800
156.850
156.900
156.950
157.000
157.050
157.100
157.150
157.200
157.250
157.300
157.350
157.400
157.450
157.500
157.550
157.600
157.650
157.700
157.750
157.800
157.850
157.900
157.950
158.000
158.050
158.100
158.150
158.200
158.250
158.300
158.350
158.400
158.450
158.500
158.550
158.600
158.650
158.700
158.750
158.800
158.850
158.900
158.950
159.000
159.050
159.100
159.150
159.200
159.250
159.300
159.350
159.400
159.450
159.500
159.550
159.600
159.650
159.700
159.750
159.800
159.850
159.900
159.950
160.000
160.050
160.100
160.150
160.200
160.250
160.300
160.350
160.400
160.450
160.500
160.550
160.600
160.650
160.700
160.750
160.800
160.850
160.900
160.950
161.000
161.050
161.100
161.150
161.200
161.250
161.300
161.350
161.400
161.450
161.500
161.550
161.600
161.650
161.700
161.750
161.800
161.850
161.900
161.950
162.000
162.050
162.100
162.150
162.200
162.250
162.300
162.350
162.400
162.450
162.500
162.550
162.600
162.650
162.700
162.750
162.800
162.850
162.900
162.950
163.000
163.050
163.100
163.150
163.200
163.250
163.300
163.350
163.400
163.450
163.500
163.550
163.600
163.650
163.700
163.750
163.800
163.850
163.900
163.950
164.000
164.050
164.100
164.150
164.200
164.250
164.300
164.350
164.400
164.450
164.500
164.550
164.600
164.650
164.700
164.750
164.800
164.850
164.900
164.950
165.000
165.050
165.100
165.150
165.200
165.250
165.300
165.350
165.400
165.450
165.500
165.550
165.600
165.650
165.700
165.750
165.800
165.850
165.900
165.950
166.000
166.050
166.100
166.150
166.200
166.250
166.300
166.350
166.400
166.450
166.500
166.550
166.600
166.650
166.700
166.750
166.800
166.850
166.900
166.950
167.000
167.050
167.100
167.150
167.200
167.250
